2.294329175447792635e-01 1.360088213116759648e-01 1.901245659767770158e-01 -1.328094859751790535e+00 1.591890312843058153e+00 -1.058120184906901906e-01 -6.048849479889619740e-01 -9.957370031317090975e-01 -8.882948483652480798e-01 -8.807369107119155105e-01 7.547724164408957659e-01 -1.263969226366198129e+00 5.946187607646699069e-01 1.417458444556198183e+00 -6.859570640289739396e-01 -1.139413396835773362e+00 -7.665026620865793283e-02 -8.937806300025847861e-01 2.479426281161413725e-01 1.860367353176484717e-01
1.407602619736137983e-01 -6.352658878571249002e-01 7.973509434194870904e-01 5.653195956819565549e-01 1.378832081746649840e-01 -4.441328714834460456e-01 1.746758906495778085e-01 2.006596619227050404e-01 -5.216017730533801799e-01 -2.796330013842084905e-01 3.066555811715158675e-01 -2.060124876846456399e-01 6.678595403857928714e-01 5.845474270078270251e-01 -6.496566196932801462e-01 -6.550192852585081660e-01 2.544475962391507320e-02 -7.207302636385983785e-01 6.087900309128551068e-01 2.392710160009438314e-01
-1.108544445789698685e-01 -1.015316368529999708e-01 2.659606883879797046e-01 2.836287577202920573e-01 3.730591010330108204e-01 -3.880893409621920948e-02 -3.121781879517301905e-01 6.478051268491559489e-02 7.910036347661981992e-02 -8.707757455975347755e-03 2.689704288347052885e-01 1.988475589738245286e-01 -1.318095007949251878e-02 1.042830713181570751e-01 -4.824852792616278752e-01 1.798950549259371867e-02 3.358806089157718305e-02 6.346649149321953454e-02 1.362048529617848891e-01 3.315122289503035224e-01
-3.219187616871350965e-02 -1.450565311886364145e-02 4.993500438645188944e-02 -5.376561889543980677e-02 6.948179734439459410e-02 5.942676717583213891e-02 6.218639763439196694e-02 6.247557037112244638e-02 -1.470481487282143066e-03 6.151482029934323553e-02 1.239385300459789480e-02 -9.749816625727183300e-03 -1.976224181615798825e-02 -1.671081919922819820e-02 3.988394627114687577e-03 1.113985777541356102e-02 9.634951537075971476e-03 -1.324489425022412105e-02 6.381767174730769432e-02 8.993168590089666015e-02
-1.363894847818055561e-02 -4.213610269343408266e-03 3.079607067422947958e-02 -1.162201510810762124e-02 -7.800090828777303704e-03 2.071126189367215528e-02 -1.342264873895148911e-02 8.789848090902045719e-03 -1.703745748259950094e-02 1.399923965521311306e-02 4.147394005778833569e-03 9.382011788163814592e-03 -3.265238101318328201e-02 -1.397768272420675875e-02 1.370165002896806504e-02 -4.202845175665527455e-02 2.209021297494996442e-04 -8.876293120973797329e-03 -9.576149651689819242e-03 2.391055070512089833e-02
4.241908451459036784e-03 4.873114187108263350e-03 9.307354930728898787e-03 -1.145575527615309841e-02 -4.249476644494485852e-03 -8.408176538321550375e-03 -6.031564324340402301e-03 1.419461762354282900e-03 -3.514939992420323782e-03 2.117408685353651746e-03 3.032883615178721872e-03 8.143430601921079065e-03 2.398085088574833498e-04 -8.997959905140023515e-03 1.472772940460640801e-03 3.028380705076238934e-03 -2.672737161593287478e-03 -9.353698722873263552e-03 -1.113555324384560676e-03 6.327416875211515877e-03
2.284891410861650957e-03 1.850914984765204168e-04 2.039449902624844099e-04 -1.590789034848800500e-03 1.176735066267162915e-03 4.072618269946525708e-04 4.381831074398054543e-04 4.857179535683658011e-04 -4.023925241656056196e-04 2.147782044131396877e-03 -6.953202966465096878e-05 3.963031376939317105e-03 3.145890155962397655e-03 -1.558860386036834463e-04 -1.469081728435434162e-04 -1.642926746427539201e-03 1.566673663759220961e-03 1.297143009517253344e-05 -2.540691537415673031e-03 2.454250928037581821e-06
3.116130521545093621e-04 -3.245487290397600089e-04 4.508101055381908730e-04 1.009776064313900278e-04 3.385049031321120611e-04 -5.083218594387811700e-05 9.959448952512094187e-05 -1.857124611118902209e-04 2.247470862381643637e-04 -4.493796790593115160e-04 2.321717588145385039e-04 9.752338335225764726e-05 2.446841669068613285e-04 -8.381074926422867641e-05 7.948860328218688856e-04 9.659453453651311965e-05 2.416566465777863256e-04 2.353994904229440225e-04 -3.357628452204932334e-04 2.505937910272320701e-04
-7.888918159213188504e-05 1.248425875258925559e-04 -1.228420411143404450e-05 4.030866068322880964e-05 4.393088250946512420e-05 3.427325376619546930e-06 2.907395677154257183e-05 9.010243983192120845e-05 -5.691454107011575849e-05 -1.043920821559844210e-04 1.746060698055917286e-04 8.881109856361351610e-05 6.101720677546413057e-05 -1.099427849994870058e-05 1.355671721033098595e-04 -3.284238327226239249e-05 -6.410022329789032829e-06 3.817750315815240811e-05 4.819984797417027595e-05 -5.721381203681632480e-05
-1.278473789603280135e-05 1.567614400264805632e-05 1.488016063048293750e-05 2.065055240757631693e-05 6.109299080150583979e-06 2.594983680919968732e-05 -2.607354592882251987e-06 9.903786798884096267e-06 7.235051601790044215e-06 1.420288791703040859e-05 2.480401917628309463e-05 -1.073480124068287241e-05 1.837149059890193442e-05 8.563699542018523856e-06 1.308042064386742841e-05 1.656225362067201870e-05 -3.221984839761757124e-05 -2.939090873487246153e-05 -3.225330891491318532e-05 -1.400402577749050566e-05
-3.655121611688405801e-06 -7.815277742680901723e-07 1.410760255622303711e-06 1.177308464862004187e-06 1.173787603233181094e-06 -1.446419971112598371e-07 8.218102568514767473e-06 -4.677277491438444128e-07 -4.805770524090548690e-06 -7.399511680144276249e-07 8.769723958684923500e-06 -1.260987065396709428e-06 -5.992926777399456375e-06 -1.740673375925689905e-06 -4.940313815497010750e-06 5.920725233910149043e-06 7.235148365780542962e-06 -5.852003721591751077e-06 -1.082378604780238534e-05 -4.705967582920866965e-06
5.593957761741892782e-07 -1.204576667202197601e-06 3.451107089339852454e-07 -9.207180244252293668e-07 1.037719630543685129e-06 -1.366322446412112075e-06 -5.202205953303275731e-07 2.804244191392929775e-06 1.781421845207650493e-06 4.095613576730378431e-07 1.111059614278072738e-06 -8.704785670858430171e-07 -1.462683539074028025e-06 -3.036702476425712820e-09 -6.291383145286415270e-08 -4.754482124229324029e-07 7.271819466907445115e-07 -4.890736581635487803e-07 -6.650810312918512419e-07 -2.659856537667457655e-06
1.087409177824950428e-07 -4.019298697683043593e-07 -3.023122251445813075e-07 5.935990572426503378e-08 1.177614330520376284e-07 -7.423510286525426916e-08 -6.286833229223167812e-08 -2.584955111258831385e-07 7.455430851705313019e-08 3.766008200087187027e-07 5.261533153408693425e-07 -1.544810026006335769e-07 4.777735723026361997e-08 -5.636593244218008505e-07 4.386188380583853719e-08 -1.867475018358461191e-07 -1.064840965834046163e-07 -5.542219398402143205e-08 1.859778195999121483e-07 -1.888428159452704880e-07
8.865451010872758903e-08 5.131087185919966623e-08 -1.376022097341509317e-08 3.738466357197584601e-09 -5.102285452547091066e-08 5.853052096286840426e-08 2.435023800911326993e-08 2.781460795662015923e-08 7.047590838851879181e-08 -5.017367542997293805e-08 6.467171317654336101e-08 -6.844935577028745794e-08 2.302837560402361173e-08 -8.638912721518435701e-08 -6.771627621199722349e-08 -5.299758504063657693e-08 1.174647594081811333e-08 1.024014978641127292e-08 -7.514783971419121895e-09 3.776674072223742565e-08
