2.294329175447792635e-01 1.360088213116759648e-01 1.901245659767770158e-01 -1.328094859751790535e+00 1.591890312843058153e+00 -1.058120184906901906e-01 -6.048849479889619740e-01 -9.957370031317090975e-01 -8.882948483652480798e-01 -8.807369107119155105e-01 7.547724164408957659e-01 -1.263969226366198129e+00 5.946187607646699069e-01 1.417458444556198183e+00 -6.859570640289739396e-01 -1.139413396835773362e+00 -7.665026620865793283e-02 -8.937806300025847861e-01 2.479426281161413725e-01 1.860367353176484717e-01
1.407602619736137983e-01 -6.352658878571249002e-01 7.973509434194870904e-01 5.653195956819565549e-01 1.378832081746649285e-01 -4.441328714834460456e-01 1.746758906495778363e-01 2.006596619227050682e-01 -5.216017730533801799e-01 -2.796330013842084350e-01 3.066555811715158120e-01 -2.060124876846455844e-01 6.678595403857928714e-01 5.845474270078270251e-01 -6.496566196932801462e-01 -6.550192852585081660e-01 2.544475962391507667e-02 -7.207302636385983785e-01 6.087900309128551068e-01 2.392710160009438314e-01
-1.108544445789698824e-01 -1.015316368530000540e-01 2.659606883879798156e-01 2.836287577202922794e-01 3.730591010330105983e-01 -3.880893409621924417e-02 -3.121781879517301350e-01 6.478051268491574755e-02 7.910036347661987544e-02 -8.707757455975267957e-03 2.689704288347052330e-01 1.988475589738246674e-01 -1.318095007949252051e-02 1.042830713181569641e-01 -4.824852792616278196e-01 1.798950549259378806e-02 3.358806089157718999e-02 6.346649149321956229e-02 1.362048529617849169e-01 3.315122289503035224e-01
-3.219187616871346802e-02 -1.450565311886361022e-02 4.993500438645180617e-02 -5.376561889543990391e-02 6.948179734439446920e-02 5.942676717583215279e-02 6.218639763439207796e-02 6.247557037112242556e-02 -1.470481487282174725e-03 6.151482029934323553e-02 1.239385300459780286e-02 -9.749816625727256159e-03 -1.976224181615798131e-02 -1.671081919922823289e-02 3.988394627114852375e-03 1.113985777541354888e-02 9.634951537075959332e-03 -1.324489425022414880e-02 6.381767174730765269e-02 8.993168590089654912e-02
-1.363894847818056255e-02 -4.213610269343351020e-03 3.079607067422941019e-02 -1.162201510810765594e-02 -7.800090828777301102e-03 2.071126189367217263e-02 -1.342264873895154635e-02 8.789848090902002350e-03 -1.703745748259946277e-02 1.399923965521311132e-02 4.147394005778824028e-03 9.382011788163833674e-03 -3.265238101318333058e-02 -1.397768272420678651e-02 1.370165002896808933e-02 -4.202845175665523292e-02 2.209021297494954700e-04 -8.876293120973734879e-03 -9.576149651689883427e-03 2.391055070512087058e-02
4.241908451459047193e-03 4.873114187108232992e-03 9.307354930728912665e-03 -1.145575527615305331e-02 -4.249476644494549170e-03 -8.408176538321567722e-03 -6.031564324340344188e-03 1.419461762354319763e-03 -3.514939992420328119e-03 2.117408685353664756e-03 3.032883615178695418e-03 8.143430601921089473e-03 2.398085088575075546e-04 -8.997959905140040862e-03 1.472772940460661617e-03 3.028380705076245440e-03 -2.672737161593286177e-03 -9.353698722873279164e-03 -1.113555324384540943e-03 6.327416875211498530e-03
2.284891410861640115e-03 1.850914984765534579e-04 2.039449902624585788e-04 -1.590789034848829340e-03 1.176735066267206717e-03 4.072618269946692675e-04 4.381831074397533042e-04 4.857179535683371781e-04 -4.023925241655831766e-04 2.147782044131392541e-03 -6.953202966463494969e-05 3.963031376939324911e-03 3.145890155962367731e-03 -1.558860386036844221e-04 -1.469081728435565892e-04 -1.642926746427519685e-03 1.566673663759220094e-03 1.297143009520648760e-05 -2.540691537415699051e-03 2.454250928046991086e-06
3.116130521545197704e-04 -3.245487290397854876e-04 4.508101055382087081e-04 1.009776064314094892e-04 3.385049031320727588e-04 -5.083218594389047012e-05 9.959448952516909400e-05 -1.857124611118657451e-04 2.247470862381465827e-04 -4.493796790593059323e-04 2.321717588145219156e-04 9.752338335225016626e-05 2.446841669068861025e-04 -8.381074926423056021e-05 7.948860328218854739e-04 9.659453453649954001e-05 2.416566465777871659e-04 2.353994904229165380e-04 -3.357628452204726877e-04 2.505937910272218786e-04
-7.888918159214543756e-05 1.248425875259274944e-04 -1.228420411145849834e-05 4.030866068320163682e-05 4.393088250951580388e-05 3.427325376637091947e-06 2.907395677147722832e-05 9.010243983188769305e-05 -5.691454107009245492e-05 -1.043920821559912379e-04 1.746060698056130060e-04 8.881109856362480535e-05 6.101720677542968004e-05 -1.099427849994731314e-05 1.355671721032899915e-04 -3.284238327224640050e-05 -6.410022329789907814e-06 3.817750315818975888e-05 4.819984797413973533e-05 -5.721381203680369384e-05
-1.278473789601118507e-05 1.567614400259352434e-05 1.488016063052155373e-05 2.065055240761834671e-05 6.109299080070651174e-06 2.594983680917126089e-05 -2.607354592778962249e-06 9.903786798937345840e-06 7.235051601753971623e-06 1.420288791704149795e-05 2.480401917624954196e-05 -1.073480124070016713e-05 1.837149059895643930e-05 8.563699542015269556e-06 1.308042064389892449e-05 1.656225362064908782e-05 -3.221984839761645315e-05 -2.939090873493148957e-05 -3.225330891486450464e-05 -1.400402577750988069e-05
-3.655121611723407320e-06 -7.815277741806859012e-07 1.410760255560043401e-06 1.177308464795103196e-06 1.173787603361486892e-06 -1.446419970647167531e-07 8.218102568348100188e-06 -4.677277492297304302e-07 -4.805770524032752244e-06 -7.399511680320758740e-07 8.769723958738677905e-06 -1.260987065368541559e-06 -5.992926777487651140e-06 -1.740673375920135910e-06 -4.940313815547703978e-06 5.920725233945379684e-06 7.235148365779034397e-06 -5.852003721496265900e-06 -1.082378604788167101e-05 -4.705967582890056989e-06
5.593957762132714842e-07 -1.204576667299121252e-06 3.451107090032522647e-07 -9.207180243515637584e-07 1.037719630401285973e-06 -1.366322446464408101e-06 -5.202205951446046938e-07 2.804244191488531843e-06 1.781421845143618614e-06 4.095613576925481883e-07 1.111059614218398208e-06 -8.704785671175576247e-07 -1.462683538975681782e-06 -3.036702482869614400e-09 -6.291383139642719446e-08 -4.754482124607493006e-07 7.271819466921827734e-07 -4.890736582700962077e-07 -6.650810312029626515e-07 -2.659856537701399536e-06
1.087409177034330007e-07 -4.019298695728010554e-07 -3.023122252844905039e-07 5.935990557616433389e-08 1.177614333393266931e-07 -7.423510275924605764e-08 -6.286833266763480099e-08 -2.584955113190133209e-07 7.455430864615180396e-08 3.766008199694005450e-07 5.261533154612938165e-07 -1.544810025362389823e-07 4.777735703143653223e-08 -5.636593244085628902e-07 4.386188369175730097e-08 -1.867475017606140556e-07 -1.064840965861187481e-07 -5.542219376855826650e-08 1.859778194198385553e-07 -1.888428158770094527e-07
8.865451021803086460e-08 5.131087158947152682e-08 -1.376022078021466167e-08 3.738466561047057415e-09 -5.102285492187244351e-08 5.853052081611125082e-08 2.435023852780251440e-08 2.781460822335243243e-08 7.047590821046456507e-08 -5.017367537576170446e-08 6.467171301034025017e-08 -6.844935585955181333e-08 2.302837587878587970e-08 -8.638912723366504097e-08 -6.771627605438093562e-08 -5.299758514341885685e-08 1.174647594438198295e-08 1.024014948861790946e-08 -7.514783722217353588e-09 3.776674062825486514e-08
